ID|PREV_QUEST_IN_CHAIN|QUEST_MUST_BE_ACTIVE|[REQUIRED_QUESTS]|[REQUIRED_ONE_OF_QUESTS]|[QUEST_STARTER_TYPE_ID]
247|0|0|2 23 24|0|0
311|0|0|310 308|0|0
443|439|0|0|0|0
620
636
781
794|0|0|0|792 1499|0
909
994|993|0|0|0|0
995|993|0|0|0|0
1123|0|0|0|1000 1004 1018|0
1124|0|0|0|1123 6762|0
1132
1133
1289
1318
1369|1386|0|0|0|0
1470|0|0|0|0|0|VALID
1473|0|0|0|1478 10789|0
1476|1472|0|0|0|0
1485|0|0|0|0|0|VALID
1498|1505|0|0|0|0
1499
1501|0|0|0|1506 10790|0
1524|0|0|0|1522 1523 2983 2984|0
1530|0|0|0|1528 1529 2985 2986|0
1598|0|0|0|0|0|VALID
1599|0|0|0|0|0|VALID
1639|1638|0|0|0|0
1641|0|0|0|2998 3681|0
1645|0|0|0|2997 2999 3000|0
1661|0|0|0|4485 4486|0
1678|1679|0|0|0|0
1688|0|0|0|1685 1715|0
1795|0|0|0|1804 1805|0
1796|0|0|0|4736 4737 4738 4739|0
1799|0|0|0|4968 4969 4965 4967|0
1801|0|0|0|2996 3001|0
1819|1818|0|0|0|0
1861|1860|0|0|0|0
1880|1879|0|0|0|0
1882|1881|0|0|0|0
1884|1883|0|0|0|0
1886
1898
1899
1963|1859|0|0|0|0
1978
2206|2205|0|0|0|0
2238|2218|0|0|0|0
2242|2241|0|0|0|0
2379|0|0|0|2378 2380|0
2747|0|0|2748 2741|0|0
3366
3369|3366|0|0|0|0
3443|3442|0|0|0|0
3581
3638|0|0|0|3526 3629 3633 4181|0|VALID
3639|3638|0|0|0|0
3640|0|0|0|3630 3632 3634|0|VALID
3641|3640|0|0|0|0
3642|0|0|0|3635 3637|0|VALID
3643|3642|0|0|0|0
3644
3645
3646
3647
3761|0|0|0|936 3762 3784|0
3764|0|0|0|3763 3789 3790 10520|0
3791|0|0|0|3787 3788|0
4024|0|0|0|4022 4023|0
4182
4183
4242
4264
4282
4322
4964|4962|0|0|0|0
4975|4963|0|0|0|0
5092|0|0|0|5066 5090 5091 10373|0
5096|0|0|0|5093 5094 5095 10374|0
5149|0|0|0|5142 5601|0
5206|0|0|5168 5181|0|0
5244|0|0|0|5249 5250|0
5253|5252|0|0|0|0
5621|5622|0|0|0|0
5625|5626|0|0|0|0
5658
5922|0|0|0|5926 5927 5928|0
6061|0|0|0|6065 6066 6067|0
6062|0|0|0|6068 6069 6070|0
6063|0|0|0|6071 6072 6073|0
6064|0|0|0|6074 6075 6076|0
6383|0|0|0|235 742 6382|0
6402
6403
6543|0|0|0|6541 6542|0
6761|0|0|0|1015 1019 1047|0
6804
7401
7507
7508
7509
7789
7874
7875
7876
7886
7887
7888
7921
7922
7923
7924
7925
8080
8081
8124
8154
8155
8156
8157
8158
8159
8163
8164
8165
8266
8267
8292
8293
8294
8295
8297
8298
8300
8329
8344|0|0|0|0|0|VALID
8384
8386
8389
8390
8391
8392
8397
8398
8404
8405
8406
8407
8408
8421
8431
8432
8433
8434
8435
8440
8441
8442
8443
8492
8493
8494
8495
8499
8500
8503
8504
8505
8506
8509
8510
8511
8512
8513
8514
8515
8516
8517
8518
8520
8521
8522
8523
8524
8525
8526
8527
8528
8529
8532
8533
8542
8543
8545
8546
8549
8550
8580
8581
8582
8583
8588
8589
8590
8591
8600
8601
8604
8605
8607
8608
8609
8610
8611
8612
8613
8614
8615
8616
8728|8578|0|0|0|0
8742|0|0|8729 8730 8741|0|0
8748|8747|0|0|0|0
8753|8752|0|0|0|0
8758|8757|0|0|0|0
8792
8793
8794
8795
8796
8797
8811
8812
8813
8814
8815
8816
8817
8818
8819
8820
8821
8822
8823
8824
8825
8826
8830
8831
8832
8833
8834
8835
8836
8837
8838
8839
8840
8841
8842
8843
8844
8845
8846
8856
8867|0|0|0|8870 8871 8872 8873 8874 8875|0
8896
8979
8985|0|0|8964 8970|0|0
8986|0|0|8965 8970|0|0
8987|0|0|8962 8970|0|0
8988|0|0|8963 8970|0|0
8989|8986|0|0|0|0
8990|8985|0|0|0|0
8991|8987|0|0|0|0
8992|8988|0|0|0|0
9024
9030
9033|0|0|0|9121 9122 9123|0
9034
9036
9037
9038
9039
9040
9041
9042
9043
9044
9045
9046
9047
9048
9049
9050
9054
9055
9056
9057
9058
9059
9060
9061
9068
9069
9070
9071
9072
9073
9074
9075
9077
9078
9079
9080
9081
9082
9083
9084
9086
9087
9088
9089
9090
9091
9092
9093
9095
9096
9097
9098
9099
9100
9101
9102
9103
9104
9105
9106
9107
9108
9109
9110
9111
9112
9113
9114
9115
9116
9117
9118
9177
9229
9230
9232
9322
9323
9367
9368
9484|0|0|0|9617 10530|0
9501|0|0|0|10490 9500 9502|0
9552|0|0|0|9547 9551 10491|0
9559|9544|0|0|0|0
9674|9672|0|0|0|0
9937|0|0|9935 9939|0|0
9938|0|0|9936 9940|0|0
9941
9968|0|0|0|9957 9960 9961|0
9978|0|0|0|9968 9971|0
9988
9989
10169
10186|10183|0|0|11037 11036 11040 11042|0
10195
10196
10259
10400|10395|0|0|0|0
10445
10446|9996|0|0|0|0
10464|10463|0|0|0|0
10465|10461|0|0|0|0
10466|10462|0|0|0|0
10467|10460|0|0|0|0
10500
10501
10549
10725|10738|0|0|0|0
10726|10739|0|0|0|0
10727|10740|0|0|0|0
10728|10741|0|0|0|0
10733|10729|0|0|0|0
10738|10733|0|0|0|0
10739|10734|0|0|0|0
10740|10735|0|0|0|0
10741|10736|0|0|0|0
10872
10888|0|0|10886 10885 10884|0|0
10897|10905|0|0|0|0
10899|10907|0|0|0|0
10902|10906|0|0|0|0
10958|0|0|0|10985 13429|0
10960
10985
11072
11087
11131
11219
11303|0|0|11283 11285|0|0
11313|0|0|0|11302 11312|0
11392
11401
11404
11405
11486
11487
11488|0|0|0|11481 11482|0
11520
11524
11532
11535
11537
11539
11542
11545
11651|0|0|11643 11644|0|0
11892|0|0|11884 11868 11879 11872|0|0
11976
12318
12539|0|0|12537 12538|0|0
12581|0|0|12579 12580|0|0
12661|0|0|0|12648 12649|0
12670
12723
12790|0|0|0|12791 12794 12796|0
12820|0|0|12826 12828|0|0
13052
13240
13241
13243
13244
13245
13246
13247
13248
13249
13250
13251
13252
13253
13254
13255
13256
13329|0|0|13307 13312|0|0
13335|0|0|13334 13337|0|0
13373|13379|0|0|0|0
13374
13376|13373|0|0|0|0
13381
13382|13380|0|0|0|0
13524
13627
13681
13692
13697|0|0|0|13691 13707|0
13714|0|0|0|13685 13703|0
13715|0|0|0|13688 13704|0
13716|0|0|0|13690 13705|0
13717|0|0|0|13689 13706|0
13718|0|0|0|13593 13684|0
13719|0|0|0|13693 13708|0
13720|0|0|0|13694 13709|0
13721|0|0|0|13695 13710|0
13722|0|0|0|13696 13711|0
13820
13846|0|0|0|13700 13701|0
14032
14199
14420|1885|0|0|0|0
24500
24795|24595|0|0|0|0
24796|24553|0|0|0|0
24798|24596|0|0|0|0
24799|24598|0|0|0|0
24800|24594|0|0|0|0
24801|24564|0|0|0|0
24802