311
443
786
788
794
935
994
995
1122
1123
1159
1473
1498
1499
1501
1524
1530
1639
1641
1645
1661
1678
1688
1795
1796
1799
1801
1819
1861
1880
1882
1884
1963
2206
2238
2242
2379
3443
3638
3639
3640
3641
3642
3643
3761
3764
3791
4964
4975
5092
5096
5149
5244
5253
5384
5621
5625
5658
5922
6061
6063
6064
6146
6383
6543
6761
6962
7025
7141
7142
7629
7646
7886
7887
7888
7921
7922
7923
7924
7925
8081
8124
8151
8157
8158
8159
8163
8164
8165
8292
8293
8298
8300
8384
8386
8389
8390
8391
8392
8397
8398
8404
8405
8406
8407
8408
8421
8431
8432
8433
8434
8435
8440
8441
8442
8443
8463
8554
8742
8867
8980
8983
8985
8986
8987
8988
8989
8990
8991
8992
9025
9027
9033
9409
9446
9484
9501
9552
9559
9674
9696
9941
9968
10136
10183
10186
10400
10446
10847
10995
11313
11392
11434
11488
11598
11978
12318
12526
12550
12573
12661
12670
12706
12790
12820
13373
13376
13382
13641
13794
13861
13862
14418
14419
14421